0.772090 -0.194370 0.605060 0.624470 0.055344 -0.779080 0.117940 0.979370 0.164110
0.772090 -0.194370 0.605060 0.624470 0.055344 -0.779080 0.117940 0.979370 0.164110
0.772090 -0.194370 0.605060 0.624470 0.055344 -0.779080 0.117940 0.979370 0.164110
0.772090 -0.194370 0.605060 0.624470 0.055344 -0.779080 0.117940 0.979370 0.164110
0.772090 -0.194370 0.605060 0.624470 0.055344 -0.779080 0.117940 0.979370 0.164110
0.772090 -0.194370 0.605060 0.624470 0.055344 -0.779080 0.117940 0.979370 0.164110
0.772090 -0.194370 0.605060 0.624470 0.055344 -0.779080 0.117940 0.979370 0.164110
0.772090 -0.194370 0.605060 0.624470 0.055344 -0.779080 0.117940 0.979370 0.164110
0.772090 -0.194370 0.605060 0.624470 0.055344 -0.779080 0.117940 0.979370 0.164110
0.772090 -0.194370 0.605060 0.624470 0.055344 -0.779080 0.117940 0.979370 0.164110
0.772090 -0.194370 0.605060 0.624470 0.055344 -0.779080 0.117940 0.979370 0.164110
0.772090 -0.194370 0.605060 0.624470 0.055344 -0.779080 0.117940 0.979370 0.164110
0.772090 -0.194370 0.605060 0.624470 0.055344 -0.779080 0.117940 0.979370 0.164110
0.772090 -0.194370 0.605060 0.624470 0.055344 -0.779080 0.117940 0.979370 0.164110
0.772090 -0.194370 0.605060 0.624470 0.055344 -0.779080 0.117940 0.979370 0.164110
0.772090 -0.194370 0.605060 0.624470 0.055344 -0.779080 0.117940 0.979370 0.164110
0.772090 -0.194370 0.605060 0.624470 0.055344 -0.779080 0.117940 0.979370 0.164110
0.772090 -0.194370 0.605060 0.624470 0.055344 -0.779080 0.117940 0.979370 0.164110
0.772090 -0.194370 0.605060 0.624470 0.055344 -0.779080 0.117940 0.979370 0.164110
0.772090 -0.194370 0.605060 0.624470 0.055344 -0.779080 0.117940 0.979370 0.164110
-0.937870 0.341900 0.059301 0.028697 -0.093891 0.995170 0.345810 0.935040 0.078246
-0.939070 0.343000 0.022183 -0.002917 -0.072489 0.997360 0.343700 0.936530 0.069073
-0.933510 0.355850 0.044036 0.024218 -0.059957 0.997910 0.357740 0.932620 0.047353
-0.928430 0.366290 0.062009 0.033235 -0.084352 0.995880 0.370010 0.926670 0.066142
-0.924500 0.376290 0.060873 0.023926 -0.102100 0.994490 0.380430 0.920860 0.085386
-0.920610 0.388520 0.039076 0.012192 -0.071422 0.997370 0.390290 0.918670 0.061015
-0.916260 0.398040 0.045117 0.015078 -0.078278 0.996820 0.400310 0.914020 0.065721
-0.911020 0.407310 0.064317 0.034804 -0.079467 0.996230 0.410880 0.909830 0.058220
-0.906620 0.414820 0.077275 0.039311 -0.099303 0.994280 0.420120 0.904470 0.073723
-0.902480 0.422160 0.085530 0.041763 -0.111870 0.992840 0.428710 0.899590 0.083331
-0.899900 0.427920 0.083989 0.027913 -0.135680 0.990360 0.435190 0.893570 0.110150
-0.896230 0.436390 0.079554 0.030184 -0.118930 0.992440 0.442560 0.891860 0.093419
-0.893860 0.442810 0.070189 0.018027 -0.120930 0.992500 0.447980 0.888420 0.100110
-0.889070 0.446880 0.099279 0.037377 -0.145280 0.988680 0.456250 0.882720 0.112460
-0.885310 0.455230 0.094763 0.048320 -0.112620 0.992460 0.462470 0.883220 0.077711
-0.885110 0.460050 0.070264 0.017911 -0.117200 0.992950 0.465040 0.880130 0.095491
-0.881960 0.467690 0.058465 0.026017 -0.075547 0.996800 0.470610 0.880660 0.054461
-0.881040 0.470810 0.045989 0.001641 -0.094175 0.995550 0.473050 0.877190 0.082199
-0.878840 0.472760 0.064314 0.008268 -0.119690 0.992780 0.477040 0.873030 0.101280
-0.878200 0.475750 0.049363 -0.012083 -0.125240 0.992050 0.478150 0.870620 0.115730
-0.872020 0.477780 0.106310 0.045686 -0.136790 0.989550 0.487330 0.867760 0.097458
-0.868040 0.480380 0.125460 0.066795 -0.137410 0.988260 0.491980 0.866230 0.087192
-0.868200 0.483170 0.113000 0.055796 -0.131230 0.989780 0.493060 0.865640 0.086976
-0.868580 0.485280 0.100400 0.042818 -0.128350 0.990800 0.493700 0.864890 0.090700
-0.869770 0.486860 0.080399 0.020383 -0.127350 0.991650 0.493030 0.864150 0.100840
-0.869180 0.489050 0.073150 0.019463 -0.113980 0.993290 0.494110 0.864780 0.089553
-0.869730 0.491000 0.049884 0.001809 -0.097905 0.995190 0.493520 0.865640 0.084262
-0.866810 0.490030 0.092228 0.039784 -0.116410 0.992400 0.497050 0.863900 0.081406
-0.868690 0.488810 0.080194 0.017515 -0.131480 0.991160 0.495040 0.862420 0.105660
-0.866610 0.487060 0.108400 0.040561 -0.147760 0.988190 0.497330 0.860780 0.108300
-0.868720 0.485960 0.095796 0.023218 -0.153240 0.987920 0.494770 0.860440 0.121840
-0.869490 0.484730 0.094973 0.020345 -0.156970 0.987390 0.493530 0.860460 0.126620
-0.868410 0.483070 0.111810 0.036522 -0.162570 0.986020 0.494500 0.860360 0.123530
-0.870980 0.480540 0.102310 0.019819 -0.173710 0.984600 0.490910 0.859600 0.141780
-0.873010 0.480140 0.085559 0.009631 -0.158430 0.987320 0.487610 0.862770 0.133680
-0.875250 0.477570 0.076611 -0.001060 -0.160290 0.987070 0.483670 0.863850 0.140800
-0.875500 0.474590 0.090934 0.013857 -0.163450 0.986450 0.483020 0.864900 0.136520
-0.876550 0.469800 0.104660 0.019243 -0.183070 0.982910 0.480930 0.863580 0.151430
-0.877900 0.470020 0.091512 0.021843 -0.151600 0.988200 0.478350 0.869540 0.122820
-0.881210 0.468200 0.065292 0.000980 -0.136310 0.990670 0.472730 0.873050 0.119650
-0.882230 0.462950 0.085675 0.014215 -0.155700 0.987700 0.470600 0.872600 0.130780
-0.884530 0.457260 0.092338 0.014072 -0.171700 0.985050 0.466280 0.872600 0.145440
-0.886040 0.455120 0.088333 0.024379 -0.144530 0.989200 0.462970 0.878620 0.116970
-0.888800 0.449330 0.090222 0.021656 -0.155470 0.987600 0.457790 0.879730 0.128450
-0.890070 0.443470 0.105380 0.034811 -0.164380 0.985780 0.454490 0.881090 0.130870
-0.893650 0.440210 0.087209 0.027621 -0.140010 0.989760 0.447910 0.886910 0.112960
-0.895080 0.435270 0.096817 0.043598 -0.130650 0.990470 0.443770 0.890770 0.097970
-0.900750 0.429010 0.067784 0.008990 -0.137620 0.990440 0.434240 0.892750 0.120100
-0.903950 0.423080 0.062234 0.001193 -0.143040 0.989720 0.427630 0.894730 0.128790
-0.907260 0.417520 0.050484 -0.013208 -0.148270 0.988860 0.420350 0.896490 0.140030
-0.909750 0.411120 0.057689 -0.012404 -0.165810 0.986080 0.414960 0.896370 0.155950
-0.910380 0.405890 0.080335 0.012287 -0.167550 0.985790 0.413580 0.898430 0.147550
-0.911670 0.402760 0.081546 0.028152 -0.136760 0.990200 0.409970 0.905030 0.113340
-0.913200 0.397000 0.091919 0.040887 -0.135160 0.989980 0.405450 0.907810 0.107200
-0.917950 0.391030 0.066767 0.014959 -0.134070 0.990860 0.396410 0.910560 0.117220
-0.921380 0.382590 0.068426 0.003910 -0.166920 0.985960 0.388640 0.908720 0.152300
-0.925500 0.376460 0.041678 -0.023860 -0.167770 0.985540 0.378010 0.911120 0.164250
-0.927060 0.370960 0.054288 -0.005458 -0.158140 0.987400 0.374870 0.915080 0.148630
-0.927200 0.364280 0.087203 0.029275 -0.161620 0.986420 0.373430 0.917160 0.139190
-0.929940 0.358110 0.083538 0.029206 -0.154530 0.987560 0.366560 0.920800 0.133250
-0.933480 0.351510 0.071149 0.018802 -0.150150 0.988480 0.358140 0.924070 0.133550
-0.936540 0.343500 0.070022 0.013511 -0.164230 0.986330 0.350300 0.924680 0.149160
-0.940700 0.336060 0.046364 -0.011349 -0.167770 0.985760 0.339050 0.926780 0.161630
-0.943190 0.327470 0.056142 -0.005781 -0.185130 0.982700 0.332200 0.926550 0.176500
-0.945460 0.320400 0.058674 0.000479 -0.178760 0.983890 0.325730 0.930260 0.168860
-0.946890 0.312360 0.076400 0.018827 -0.183330 0.982870 0.321020 0.932110 0.167710
-0.950310 0.304550 0.064554 0.008354 -0.182340 0.983200 0.311200 0.934880 0.170730
-0.952590 0.296360 0.068907 0.013691 -0.184490 0.982740 0.303960 0.937090 0.171690
-0.955930 0.288610 0.053853 0.001752 -0.177820 0.984060 0.293580 0.940790 0.169480
-0.958370 0.280790 0.051803 0.003887 -0.168580 0.985680 0.285500 0.944850 0.160470
-0.959470 0.271970 0.073854 0.027031 -0.172040 0.984720 0.280520 0.946800 0.157720
-0.962100 0.262890 0.072526 0.025639 -0.177570 0.983770 0.271500 0.948340 0.164100
-0.965790 0.253760 0.053398 0.006005 -0.183970 0.982910 0.259250 0.949610 0.176160
-0.967700 0.244250 0.062396 0.014549 -0.192990 0.981090 0.251670 0.950310 0.183200
-0.968580 0.235500 0.079989 0.037786 -0.178550 0.983210 0.245820 0.955330 0.164040
-0.972900 0.226230 0.047873 0.011641 -0.158850 0.987230 0.230950 0.961030 0.151910
-0.975630 0.215430 0.041601 0.007546 -0.156550 0.987640 0.219280 0.963890 0.151110
-0.977760 0.203030 0.052548 0.015957 -0.177820 0.983930 0.209110 0.962890 0.170620
-0.979650 0.190690 0.062599 0.025845 -0.189440 0.981550 0.199030 0.963200 0.180660
-0.981830 0.178200 0.065215 0.030760 -0.189660 0.981370 0.187250 0.965540 0.180740
-0.985300 0.163690 0.048783 0.014153 -0.206380 0.978370 0.170220 0.964680 0.201030
-0.988020 0.150430 0.034496 0.008269 -0.171600 0.985130 0.154110 0.973610 0.168300
-0.990490 0.134800 0.027486 0.004949 -0.164740 0.986320 0.137490 0.977080 0.162510
-0.992930 0.117890 0.014027 -0.005557 -0.164170 0.986420 0.118590 0.979360 0.163670
-0.994880 0.100290 0.012345 -0.002840 -0.149890 0.988700 0.101000 0.983600 0.149400
-0.996140 0.080659 0.034634 0.020768 -0.166800 0.985770 0.085289 0.982690 0.164480
-0.997910 0.060212 0.023253 0.011732 -0.185040 0.982660 0.063471 0.980880 0.183950
-0.998370 0.039518 0.041162 0.033055 -0.187460 0.981720 0.046511 0.981480 0.185840
-0.999370 0.017985 0.030671 0.026653 -0.191990 0.981040 0.023532 0.981230 0.191390
-0.999110 -0.003914 0.041993 0.042030 -0.175050 0.983660 0.003501 0.984550 0.175050
-0.999270 -0.027227 0.026892 0.031587 -0.190140 0.981250 -0.021603 0.981380 0.190860
-0.998530 -0.050997 0.018271 0.027730 -0.191450 0.981110 -0.046536 0.980180 0.192580
-0.996980 -0.075414 -0.018499 -0.004001 -0.188020 0.982160 -0.077546 0.979260 0.187150
-0.994710 -0.100340 -0.021926 0.000233 -0.215680 0.976460 -0.102710 0.971290 0.214560
-0.991650 -0.126060 -0.027118 -0.002509 -0.191400 0.981510 -0.128920 0.973380 0.189480
-0.988260 -0.151940 -0.015955 0.015986 -0.206700 0.978270 -0.151940 0.966530 0.206700
-0.983770 -0.179220 -0.009125 0.022617 -0.174270 0.984440 -0.178020 0.968250 0.175490
-0.978920 -0.204140 -0.006709 0.030266 -0.177470 0.983660 -0.201990 0.962720 0.179910
-0.977730 -0.208840 -0.020681 0.018037 -0.181810 0.983170 -0.209090 0.960900 0.181520
-0.977820 -0.208540 -0.019233 0.021582 -0.191690 0.981220 -0.208310 0.959040 0.191940
